591.68694194349 1.01728297212 372.26348650238 0.012391 0.706438 0.707582 0.01095
591.67196108088 1.00617161405 372.24708761015 -0.006539 0.815083 0.578951 -0.020306
591.65588891018 0.99256459677 372.22833382194 0.023807 0.815029 0.578496 0.022428
591.65720956202 -12.81978141523 372.20016875928 -0.052471 0.888127 0.456571 0.004481
591.66484607721 -12.84425673073 372.18287687029 -0.080705 0.884168 0.455513 0.065125
564.68309652086 -12.72418041099 372.13582210629 0.016552 0.884126 0.464513 0.047695
564.63674106306 -12.69105063903 349.96544776735 -0.037486 0.883455 0.460808 0.075883
564.6543453155 -12.75965486969 420.44603215046 -0.065739 0.886458 0.457626 0.021198
564.64816980145 -12.7143211371 420.42382535217 -0.024736 0.781572 0.620032 0.063989
564.649332532 -12.69380534835 420.40921888844 -0.08249 0.777617 0.61358 0.109671
564.62002548287 -196.2885424474 420.37654591364 -0.082546 0.777536 0.613674 0.109675
564.60302667828 -196.33651035559 420.32169381298 -0.003618 0.781887 0.621627 0.047108
564.57442162082 -66.19923084634 420.24425586949 -0.036401 0.783366 0.620467 0.005789
564.49759144673 83.57606895814 420.17826763615 0.020541 0.784055 0.619095 -0.039446
564.44466118563 83.63296223484 420.13781143604 0.037046 0.646854 0.760349 -0.045577

